3.14, -0.13, 0.31, -0.31, -0.36, -0.15
-1.18, 4.14, -1.83, -1.72, -1.01, -1.11
-0.82, -0.88, 3.49, -0.82, -0.81, 0.13
-1.72, -0.68, -0.12, 4.93, -0.56, -0.79
-0.56, -0.40, -0.44, -0.95, 4.55, -1.28
0.68, 2.06, -1.96, -1.03, -1.22, 1.48
3.26, -0.14, -0.06, 0.23, -0.45, -0.32
-0.43, 3.10, -1.23, -0.44, -0.60, -1.19
-0.46, -0.75, 3.51, -0.80, -0.49, 0.08
-0.90, -0.36, -0.07, 4.90, -0.74, -0.73
-0.77, -0.84, -0.79, -1.01, 5.03, -0.99
-0.83, 0.80, 0.77, -2.21, 0.30, 4.42
2.67, -0.03, 0.44, -0.15, -0.37, -0.21
-0.45, 3.62, -1.54, -1.06, -0.71, -0.77
-0.54, -0.89, 3.23, -0.32, -0.30, 0.17
-1.30, -0.52, -0.21, 4.99, -1.37, -0.99
-0.36, -0.88, -0.69, -0.82, 4.28, -0.95
0.92, 1.44, -0.47, -1.68, 0.51, 2.39
3.28, 0.02, 0.06, 0.19, -0.24, -0.57
-0.63, 3.36, -0.82, -0.94, -0.73, -0.94
-0.76, -0.98, 3.50, -0.83, -0.50, 0.17
-1.90, -0.36, -0.26, 5.23, -0.59, -0.70
-1.01, -0.87, -0.61, -1.32, 5.06, -1.08
0.14, 1.91, -1.80, -0.65, -0.82, 2.15
3.33, -0.20, 0.44, -0.17, -0.49, -0.45
-0.12, 3.22, -1.05, -0.47, -0.57, -0.88
-0.49, -0.68, 3.19, -0.69, -0.51, 0.32
-1.61, -0.71, -0.31, 5.34, -1.62, -0.94
-0.20, -0.48, -0.79, -0.89, 4.64, -0.85
-0.95, 0.77, 0.10, -3.08, -0.11, 5.51
2.88, -0.02, 0.48, -0.07, -0.50, 0.43
0.11, 3.05, -0.64, -0.45, -0.65, -0.57
-0.90, -0.74, 3.56, -0.77, -0.52, 0.24
-1.35, -1.14, 0.16, 5.35, -1.29, -1.18
-1.48, -0.97, -0.77, -2.02, 5.03, -1.13
-1.04, 0.75, 0.59, -1.61, -0.44, 4.67
3.31, 0.21, -0.14, 0.17, -0.71, -0.34
-0.18, 3.43, -1.03, -0.70, -0.69, -0.89
-1.13, -0.70, 3.89, -1.56, -1.23, 0.62
-1.56, 0.02, 0.31, 4.85, -0.93, -0.86
-0.15, 0.04, -0.17, -0.42, 3.68, -0.80
-0.74, 0.83, -0.75, -0.78, -0.55, 4.27
3.09, 0.27, 0.08, 0.06, -0.63, -0.38
-0.39, 3.28, -0.80, -0.83, -0.37, -0.84
-0.14, -0.75, 3.19, -1.14, -0.51, 0.48
-1.77, -0.41, -0.04, 5.84, -0.96, -0.71
-0.68, -0.44, -0.55, -1.17, 4.80, -0.94
1.52, 0.62, -0.44, 1.10, -0.63, 1.55
3.20, -0.15, 0.28, -0.00, -0.62, -0.52
-0.40, 3.22, -1.17, -1.06, -0.64, -0.59
-0.51, -0.48, 3.73, -2.01, -0.18, 0.53
-1.61, -0.82, -0.18, 6.08, -0.83, -0.84
-0.02, -0.24, 0.01, -0.83, 3.99, -1.02
0.60, 1.93, -0.92, -1.48, -0.79, 2.94
3.78, -0.12, 0.35, -0.29, -0.52, -0.09
-0.13, 3.30, -1.22, -0.54, -0.60, -0.92
-0.59, -0.67, 3.31, -0.78, -0.39, 0.24
-2.20, -1.19, -0.18, 5.47, -1.23, -1.53
-0.37, -0.21, -0.49, -0.67, 4.16, -0.93
1.57, 1.21, -1.64, 0.25, -0.68, 2.00
3.36, -0.12, -0.02, 0.05, -0.52, -0.25
-0.50, 3.56, -1.25, -0.97, -0.70, -0.90
-0.26, -0.64, 3.07, -1.12, -0.48, 0.48
-0.56, -0.77, 0.26, 5.15, -1.13, -1.04
-0.39, -0.39, -0.49, -1.00, 5.05, -1.01
1.59, 0.54, -2.08, 1.71, -0.10, 0.74
3.10, 0.25, -0.33, 0.13, -0.11, -0.26
-0.27, 2.81, -0.91, -1.03, -0.65, -0.61
-0.26, -0.65, 3.37, -0.75, -0.50, 0.14
-1.10, -0.66, -0.19, 5.31, -1.62, -1.20
-0.56, -0.63, -0.25, -0.43, 4.68, -0.94
0.40, 1.86, -2.46, 0.35, 0.78, 0.37
2.53, 0.44, -0.02, -0.30, -0.20, 0.16
0.02, 3.01, -0.87, -0.45, -0.70, -0.81
-0.49, -0.88, 3.46, -1.20, -0.41, -0.02
-0.60, -0.65, -0.05, 5.55, -1.13, -0.86
0.33, 0.34, -0.84, -0.52, 3.93, -0.49
0.46, 0.68, 0.19, -2.38, -0.52, 3.63
2.97, 0.24, 0.31, -0.46, -0.38, 0.39
-0.75, 3.20, -0.92, -0.73, -0.76, -0.85
-0.84, -1.18, 3.73, -0.86, -0.45, 0.38
-1.18, -0.49, -0.91, 5.68, -1.56, -0.90
-0.13, -0.37, -0.75, -0.64, 4.80, -0.96
1.45, 0.41, -1.56, 1.66, 0.63, 2.38
3.56, -0.56, -0.09, 0.11, -0.61, -0.64
-0.23, 3.06, -0.62, -0.35, -0.61, -0.75
-0.62, -0.86, 3.03, -0.23, -0.53, 0.13
-1.76, -0.49, 0.22, 5.37, -1.33, -1.08
0.30, -0.44, -0.69, -0.73, 3.57, -0.82
0.28, 1.06, -1.63, 1.09, -0.38, 2.38
3.37, -0.29, 0.32, -0.15, -0.63, 0.09
-0.43, 3.52, -1.00, -0.77, -0.85, -0.90
-0.75, -0.96, 3.88, -1.15, -0.64, 0.08
-1.16, -0.60, 0.06, 5.17, -0.71, -0.79
-0.40, -0.37, -0.57, -1.30, 4.53, -0.91
0.23, 0.74, -2.31, 0.08, 1.90, 1.94
3.94, 0.28, 0.14, -0.44, -0.35, -0.14
-0.41, 3.31, -0.78, -0.76, -0.82, -0.67
-0.30, -0.77, 3.21, -0.77, -0.77, 0.19
-1.50, -0.43, 0.01, 5.51, -0.93, -0.83
0.13, -0.29, -0.98, -0.93, 4.80, -1.00
-3.00, 0.09, -0.66, 2.69, -0.74, 1.09
3.08, -0.05, 0.03, 0.77, -0.34, -1.05
-0.02, 3.11, -1.02, -0.63, -0.60, -0.91
-0.56, -0.87, 3.46, -0.47, -0.80, 0.16
-1.16, -0.40, -0.14, 4.93, -1.30, -1.07
0.23, -0.04, -0.12, -0.25, 3.92, -0.83
-0.70, 0.82, 0.44, -2.55, -1.08, 3.44
3.71, 0.01, 0.29, -0.89, -0.47, -0.01
-0.51, 3.59, -0.99, -0.72, -0.85, -0.66
-1.05, -1.02, 3.56, -1.37, -0.63, 0.24
-1.50, -0.46, -0.15, 4.95, -1.21, -1.07
-1.17, -0.76, -0.49, -1.01, 5.12, -1.12
-0.76, 1.70, -0.94, -2.74, -1.65, 2.82
3.28, 0.17, 0.19, -0.13, -0.31, -0.77
-0.39, 3.20, -0.99, -0.91, -0.61, -0.78
-0.61, -0.64, 3.39, -0.87, -0.32, 0.09
-1.35, -0.44, 0.16, 4.81, -1.47, -0.75
-0.76, -0.55, -0.45, -0.43, 4.74, -1.01
-1.45, -0.88, -0.32, 2.45, 0.40, 0.16
